-4632469320.1612625
-4632467623.4186811
-4867636.2168007
-4866561.8646051
-3534649.5219956
-3377820.8614127
-2722598.6566657
-2698120.5416741
-1729858.6300720
-1726884.0017003
-620593.7776263
-564712.3470206
-547968.3830745
-480694.9550278
-403114.1213936
-400148.7226857
-270880.3636048
-269440.0669757
-227627.2965445
-201121.3581281
-162822.4837830
-159490.0184798
-146649.7938354
-133588.7154264
-108093.4072230
-104563.5645247
 -82520.1946182
 -67093.6490075
 -61623.5314680
 -61052.5443482
 -58560.1076742
 -58464.6601702
 -58440.1572085
 -57731.7909150
 -38680.9472722
 -37813.0836498
 -36383.1896015
 -27868.3955498
 -26926.5659071
 -24410.5924480
 -24186.6910169
 -14628.6677508
 -14356.7344050
 -14192.3166230
 -14093.5293077
 -11611.0916504
 -10528.2581771
  -9419.3551030
  -9207.3845815
  -8889.5614940
  -7547.9648213
  -6914.5405242
  -6585.9304465
  -5814.0996487
  -4959.4964851
  -3790.1254240
  -3631.4029592
  -3415.1114332
  -3388.3580505
  -3250.3502563
  -3180.5913016
  -3103.3845862
  -3040.4622855
  -2937.1836003
  -2815.6788336
  -2767.0386429
  -2722.1492786
  -2611.0917104
  -2575.0601059
  -2541.0419267
  -2437.7080139
  -2434.5130790
  -2420.1940208
  -2341.6492791
  -2329.3130241
  -2288.0560048
  -2267.6674576
  -2199.4795937
  -2169.3922120
  -2076.5618993
  -2052.9669398
  -2014.3417371
  -2006.8298491
  -1946.4911444
  -1901.4355566
  -1878.7546596
  -1847.4819422
  -1791.5966819
  -1773.1735885
  -1699.5822778
  -1687.8939218
  -1666.1462776
  -1628.2294030
  -1606.8140924
  -1553.9878634
  -1490.0849380
  -1470.6374893
  -1459.8651381
  -1442.6835932
  -1410.7130219
  -1382.5526240
  -1352.2966535
  -1329.4859609
  -1306.1036320
  -1273.0007540
  -1244.2854031
  -1206.5533316
  -1141.5885901
  -1135.3070525
  -1130.2859891
  -1066.9863614
  -1044.1643398
  -1009.8197649
   -992.2154632
   -986.9005515
   -937.0964849
   -900.8077285
   -878.5853864
   -869.9663103
   -858.0559390
   -822.5777805
   -796.8247647
   -773.9406881
   -756.7081582
   -737.2645399
   -729.5226838
   -671.7461070
   -663.9181273
   -639.0662915
   -624.8660672
   -611.7187058
   -583.8073551
   -580.4536618
   -541.0273042
   -521.6633813
   -499.9238367
   -479.7014721
   -475.6450501
   -465.4293227
   -460.1969912
   -437.7105716
   -421.5525954
   -407.8487970
   -399.6220562
   -365.0803842
   -341.1360383
   -328.8194007
   -316.7332279
   -295.5099658
   -282.6023689
   -262.6149179
   -248.1090388
   -244.5634620
   -215.9688094
   -206.1195429
   -189.0518010
   -175.5837451
   -168.6458895
   -150.9003675
   -142.5300552
   -134.2963920
   -117.8413585
   -111.4386730
   -100.2170555
    -76.1547712
    -58.0240166
    -44.1020359
    -41.8772156
    -32.6824791
    -23.7051145
    -18.7331031
    -16.1512921
     -6.3680000
     -0.0000000
      0.4037295
      3.2474626
      5.6302380
      7.1063837
      9.3821793
     16.0043109
     18.0268485
     24.1128784
     26.8419172
     36.4590776
     50.2000792
     57.1799673
     61.8277413
     83.0176297
     95.7639539
    115.1266392
    124.4888080
    149.2873255
    155.4880067
    164.5478594
    200.8173274
    209.0417205
    227.5540927
    251.8461652
    256.0322260
    264.1479726
    294.3065000
    350.4486964
    359.2458697
    372.5793776
    390.7700450
    399.9528773
    430.3612726
    489.7993438
    504.7197478
    524.9735942
    555.0833405
    568.8196701
    592.1549474
    616.5527788
    638.6224747
    676.4791351
    684.0030280
    705.8660089
    718.4157908
    762.7272989
    790.7580965
    809.1346834
    852.5503719
    884.9496587
    897.2996189
    899.6809653
    927.3282974
    947.4052023
   1008.9584528
   1014.7508161
   1041.8374635
   1098.8775813
   1125.3501351
   1128.2140758
   1159.2131915
   1186.8680296
   1211.5191707
   1252.6045912
   1288.8439941
   1303.1812951
   1356.1088564
   1387.9573471
   1424.1540025
   1462.0142027
   1485.9857344
   1532.4726858
   1542.4613639
   1622.3470468
   1658.3492363
   1677.4658693
   1721.3284714
   1743.1050519
   1766.7757933
   1832.6693521
   1880.9330959
   1905.8158367
   1939.2101026
   1953.4180973
   2004.6633990
   2052.1493156
   2139.3237250
   2185.5719476
   2241.8095294
   2264.8937204
   2345.0025252
   2369.3328952
   2405.4668761
   2502.9077449
   2545.2061770
   2563.3338902
   2636.7744057
   2728.6958991
   2780.0897610
   2864.6063192
   2887.1614483
   2992.1252775
   3069.5520714
   3168.5786684
   3230.8778288
   3323.4811011
   3443.6286164
   3686.8305703
   3914.6548928
   4150.1970499
   4262.3381766
   4483.2156396
   5002.7634806
   5595.3776971
   5715.4982089
   5909.3032911
   6309.0775684
   6585.4731652
   8345.0033269
   9620.0407313
  12375.4049661
  18606.2249971
  68801.7736899
  85553.5769022
 103922.9982894
 115629.2639409
 177410.2125734
 181516.2040387
 197978.0034170
 359103.4879081
 390666.0864317
 488810.9032698
 489646.4960182
 758681.6529041
 763676.7095943
 874932.4781624
1004356.1614358
1412800.4569027
1879038.3028914
2124502.3954528
2922685.5627090
3531695.2467108
5245269.7509516
7018914.7560477
8000213.2033181
22508757.4635085
35389410.2603877
45801113.0358964
63299550.3973925
60223469336.5575867
